79110 749711011797114121 49 44 49535151 44 771059910497101108 6511010310110811144 116104101110 10210510211612145115101118101110 12110197114115 11110810044 11911410511610111513
102114111109 7010811111410111099101 116111 8411110910997115111 10010139 67971189710810510111410544 97 121111117116104 111102 11011198108101 8211110997110 102971091051081214413
119104111 9710211610111411997114100115 981019997109101 104105115 10297118111117114105116101 11211711210510858 3473102 73 100111 110111116 112111115115101115115 11610410113
97114116 111102 1109711810510397116105110103 116104101 11510197 111102 121111117114 112111116101110116 10310111010511711544 11610497116 103101110105117115 11910510810813
110101118101114116104101108101115115 10112099117115101 10910144 97110100 110101105116104101114 100101115112105115101 109121 1051101011131179710810511612144 110111114 1001011099711010013
111102 109101 11610497116 11910410599104 73 10497118101 105116 110111116 105110 109101 116111 10310511810159 11510511099101 11610497116 11910410599104 1151169711010011513
97108111110101 105110 101118101114121116104105110103 9997110 105110 110111116104105110103 102105110100 105116115 991111171101161011141129711411646 87104101114101102111114101 12111111711413
10811111410011510410511244 95116104101 111110108121 108105103104116 105110 111117114 97103101 1181111179910411597102101100 116111 116104105115 11911111410810011595 1049711810511010313
110111 10111311797108 111114 11210110111444 9997110110111116 102105110100 115971161051151029799116105111110 105110 116104101 119111114107 111102 97110121 11111610410111413
1049711010046 7310244 11610410111410110211111410144 116104105115 111114 11610497116 105110 116104101 119111114107115 11910410599104 73 104111112101 97110100 11211411110910511510113
116111 10112010199117116101 115104111117108100 10497112112101110 116111 11210810197115101 12111111744 73 115104111117108100 9997108108 11610497116 11911111410744 11011111613
10311111110044 98117116 1021111141161171109711610146 65110100 105102 73 115104111117108100 101118101114 102101101108 97115115117114101100 11610497116454597115 1049711513
98101101110 114101112111114116101100 116111 109101454573 10497118101 103105118101110 121111117114 108111114100115104105112 115971161051151029799116105111110 105110 11111010113
116104105110103 111114 9711011111610410111444 73 119105108108 10997107101 97 103105102116 116111 121111117 111102 109121 112114101115101110116 97110100 111102 9710810813
11610497116 116104101 102117116117114101 10997121 98114105110103 10910159 97110100 105116 119105108108 98101 97 10311410197116 11297105110 116111 109101 116111 9810113
1171109798108101 116111 1141019997108108 116104101 1129711511644 105110 111114100101114 116111 115101114118101 121111117 115111 10911799104 116104101 1081111101031011144413
10511011511610197100 111102 10497118105110103 111110108121 116104101 10211711611711410144 11910410599104 9997110110111116 98101 10811111010344 11510511099101 73 97109 9710810813
116111111 11110810046 84104101114101 105115 110111116104105110103 109111114101 108101102116 102111114 109101 116111 1159712146 8210197100 109121 10410197114116 9711010013
110111116 109121 10810111611610111444 102111114 109121 112101110 9997110110111116 971121121141119799104 116104101 101120112114101115115105111110 111102 109121 10311111110013
119105108108463491 51 9313
13
679711897108105101114105 119114105116101115 116111 771059910497101108 65110103101108111 11610497116 104101 11410110397114100115 104105109115101108102 97115 9811111411013
97110101119 11510511099101 104101 10497115 99111109101 116111 107110111119 116104101 779711511610111459 119104111 11410111210810510111544 3473 102111114 109121 1129711411613
115104111117108100 11410110397114100 109121115101108102 97115 110111116 9811111411044 98111114110 1001019710044 111114 100101115101114116101100 98121 10410197118101110 9711010013
1019711411610444 105102 121111117114 108101116116101114115 10497100 110111116 98114111117103104116 109101 116104101 11210111411511797115105111110 11610497116 12111111711413
108111114100115104105112 979999101112116115 119105116104 10297118111117114 9910111411697105110 111102 109121 1191111141071154634 65110100 105110 97 108101116116101114 11110213
116104101 102111108108111119105110103 115117109109101114 116111 83101989711511610597110 100101108 801051111099811144 104101 115101110100115 97 103114101101116105110103 11611113
77101115115101114 841111091099711511144 119105116104 116104101 11911111410011558 3473 98101108105101118101 9573 115104111117108100 10511011511697110116108121 1029710810813
100111119110 1001019710095 105102 104101 119101114101 110111 108111110103101114 105110 109121 116104111117103104116115463491 52 9313
13
771059910497101108 65110103101108111 11210897121115 117112111110 104105115 10211410510111010039115 11511711411097109101 97115 831049710710111511210197114101 1121089712111513
117112111110 104105115 10211410510111010039115 6710411410511511610597110 1109710910146 84104101115101 97114101 116104101 10897115116 108105110101115 111102 11610410113
11610410511411612145102105114115116 11511111011010111658454513
13
   3483101 11810511011639 101 11211410111539 10539 100101989839 101115115101114 98101971161114413
    771011149711810510310810597 110111110 101 11510144 11011710039 101 1151111081114413
    82101115116111 112114105103105111110 10039117110 9567971189710810510111495 9711410997116111463413
13
    3473102 111110108121 9910497105110115 97110100 9897110100115 9997110 10997107101 109101 981081011151164413
     78111 10997114118101108 105102 97108111110101 97110100 9897114101 73 10311113
     65110 97114109101100 10711010510310411639115 9997112116105118101 97110100 11510897118101 99111110102101115115101100463413
    40957446 6546 8312110911111010011595464113
13
73110 111116104101114 115111110110101116115 116104101 116111110101 105115 110111 108101115115 1129711511510511111097116101 11610497110 8310497107101115112101971141013911513
45451169710710144 102111114 1011209710911210810144 116104101 116119101110116121451151019911111010058454513
13
    3477111114101 116101110100101114108121 112101114991049711099101 11610497110 105115 109121 100